0.500837 0.988247
0.758987 0.197875
0.507682 0.729826
0.489757 0.605278
0.838678 0.410025
0.339525 0.086217
0.536506 0.845631
0.615554 0.262317
0.615665 0.562872
0.211316 0.420849
0.311454 0.030158
0.054872 0.124192
0.479398 0.806379
0.501158 0.338498
0.673698 0.310344
0.083976 0.193892
0.278046 0.113261
0.153864 0.575471
0.688080 0.883671
0.319575 0.362491
0.952023 0.373056
0.283787 0.282597
0.464499 0.120376
0.617748 0.028565
0.278252 0.875075
0.254918 0.496970
0.349478 0.090630
0.000264 0.751360
0.564696 0.224531
0.149726 0.586894
0.710569 0.995583
0.393468 0.379122
0.642802 0.195736
0.536877 0.236442
0.786242 0.131187
0.214883 0.343984
0.755502 0.276270
0.698009 0.786036
0.323928 0.263702
0.092687 0.064837
0.188456 0.906047
0.723698 0.995446
0.978860 0.545785
0.253218 0.649564
0.742159 0.665166
0.138791 0.545621
0.696374 0.352082
0.361663 0.338068
0.392602 0.914457
0.967245 0.845763
0.550328 0.663212
0.851096 0.377486
0.738113 0.642640
0.396646 0.962032
0.760296 0.877068
0.025007 0.270999
0.080057 0.523985
0.452543 0.734311
0.860178 0.176321
0.468492 0.591649
0.235039 0.440394
0.342777 0.397425
0.240910 0.831049
0.553248 0.802553
0.426269 0.971805
0.381939 0.273213
0.539904 0.065393
0.071542 0.774950
0.851748 0.608820
0.656131 0.349882
0.599890 0.367146
0.284296 0.945449
0.776928 0.691479
0.838172 0.815023
0.969807 0.369172
0.918462 0.303922
0.249502 0.328063
0.813418 0.858714
0.170408 0.681579
0.898818 0.653420
0.783985 0.797855
0.026343 0.313108
0.197230 0.303539
0.849373 0.833533
0.613733 0.191747
0.708041 0.944916
0.983581 0.493667
0.649511 0.848593
0.358072 0.294614
0.394801 0.467186
0.796213 0.227859
0.580036 0.092134
0.202169 0.963351
0.397924 0.586790
0.786323 0.623503
0.844292 0.109010
0.937333 0.504479
0.134921 0.654022
0.168548 0.958970
0.499485 0.586572
0.459367 0.805243
0.482259 0.730715
0.750605 0.167275
0.083387 0.516324
0.572660 0.222076
0.559806 0.143278
0.786239 0.932841
0.471572 0.717452
0.197651 0.480373
0.607144 0.837073
0.374121 0.770244
0.750328 0.163637
0.329334 0.089451
0.861879 0.098518
0.875374 0.713872
0.140421 0.804559
0.344459 0.026617
0.600140 0.461341
0.072357 0.497381
0.256856 0.823499
0.505075 0.694248
0.749390 0.863376
0.041395 0.351868
0.239784 0.522437
0.756091 0.403782
0.733729 0.370325
0.962072 0.801662
0.541733 0.276067
0.164491 0.890540
0.461830 0.032871
0.335784 0.086648
0.406298 0.246120
0.597869 0.613266
0.617675 0.693565
0.336178 0.090012
0.323457 0.797413
0.489945 0.842314
0.664242 0.809886
0.264147 0.900331
0.996663 0.807022
0.790702 0.790370
0.220298 0.609882
0.330034 0.386911
0.606882 0.307993
0.448819 0.289619
0.720455 0.146797
0.235706 0.417265
0.408711 0.158987
0.024049 0.769275
0.518652 0.069092
0.279142 0.595660
0.943753 0.681275
0.277188 0.537362
0.845205 0.172265
0.954205 0.651616
0.406391 0.454486
0.835306 0.620668
0.277602 0.048874
0.268247 0.857289
0.947131 0.712513
0.279895 0.666766
0.635175 0.403177
0.250207 0.102613
0.948653 0.030981
0.255578 0.662024
0.457823 0.846788
0.371850 0.507139
0.559743 0.247689
0.447045 0.469483
0.478938 0.241751
0.854815 0.697452
0.022249 0.807433
0.521875 0.440549
0.752686 0.907458
0.086120 0.129088
0.576226 0.972604
0.386889 0.604362
0.345805 0.257789
0.614783 0.081851
0.978425 0.590982
0.355702 0.188780
0.754069 0.684905
0.452216 0.207435
0.919278 0.362127
0.075125 0.476874
0.453581 0.756090
0.649045 0.758265
0.873537 0.793767
0.308066 0.252832
0.247056 0.040040
0.371017 0.876447
0.169724 0.289600
0.920604 0.341194
0.315226 0.129025
0.946646 0.571758
0.313554 0.059912
0.670876 0.993310
0.133560 0.673311
0.609255 0.267555
0.850475 0.796404
0.647439 0.124938
0.664421 0.494259
0.906075 0.043529
0.302487 0.302667
0.454764 0.658877
0.484838 0.092505
0.997052 0.954206
0.964404 0.521671
0.493521 0.476557
0.760044 0.117630
0.316016 0.052091
0.594704 0.651705
0.933300 0.732474
0.222923 0.615712
0.316874 0.994379
0.286126 0.292162
0.225443 0.535388
0.569550 0.121194
0.277488 0.362118
0.051174 0.810570
0.253620 0.250195
0.930950 0.909440
0.383875 0.070750
0.907680 0.372295
0.469830 0.924358
0.331256 0.976416
0.567409 0.500930
0.499592 0.324290
0.613459 0.592829
0.292404 0.561884
0.817662 0.228516
0.538121 0.874335
0.861073 0.465348
0.995536 0.282520
0.943554 0.482656
0.598433 0.257140
0.504588 0.250042
0.659259 0.191362
0.005458 0.710871
0.057017 0.828736
0.505474 0.117212
0.044917 0.329998
0.890925 0.880032
0.204899 0.780562
0.522661 0.057231
0.249034 0.589894
0.756676 0.392149
0.821854 0.414638
0.261790 0.636452
0.193085 0.949273
0.309525 0.743871
0.746774 0.171247
0.243466 0.405025
0.470748 0.401947
0.148891 0.308610
0.229344 0.850525
0.338188 0.460548
0.462797 0.144517
0.643540 0.870182
0.098190 0.719363
0.665581 0.921440
0.879788 0.838331
0.065232 0.786892
0.030643 0.445034
0.705611 0.313948
0.142700 0.012628
0.951922 0.914946
0.459292 0.046947
0.719437 0.126701
0.261679 0.925253
0.923165 0.670114
0.900469 0.307928
0.827537 0.036709
0.123052 0.447364
0.420390 0.856547
0.739820 0.336453
0.342791 0.560713
0.344758 0.788529
0.094694 0.141639
0.760137 0.221216
0.206157 0.135800
0.110354 0.128627
0.814821 0.305866
0.946584 0.969454
0.622602 0.883183
0.641760 0.472948
0.517964 0.646487
0.354490 0.170433
0.244952 0.559055
0.220885 0.296911
0.376065 0.164023
0.074856 0.075495
0.503309 0.446414
0.920307 0.796796
0.000264 0.410415
0.582739 0.036080
0.927683 0.191787
0.453146 0.812903
0.656147 0.127778
0.003663 0.491118
0.561525 0.840736
0.802304 0.741537
0.712452 0.056641
0.083214 0.945216
0.813777 0.576060
0.539209 0.002237
0.795896 0.542591
0.894986 0.629023
0.347130 0.912611
0.992240 0.876642
0.374768 0.820231
0.572014 0.783205
0.850127 0.352609
0.674970 0.785409
0.743959 0.103335
0.596870 0.757404
0.790771 0.755381
0.634398 0.319587
0.634066 0.860144
0.435568 0.365625
0.499298 0.925422
0.629314 0.592850
0.917243 0.902667
0.550435 0.189424
0.177770 0.172679
0.298966 0.730999
0.132448 0.168929
0.077103 0.770326
0.684138 0.848981
0.732177 0.565145
0.802742 0.327052
0.700792 0.882864
0.188441 0.114497
0.097064 0.844958
0.767301 0.580079
0.517014 0.329654
0.048792 0.438154
0.241527 0.538420
0.000787 0.300451
0.911877 0.949912
0.504805 0.585903
0.424662 0.034457
0.642748 0.373042
0.747141 0.782816
0.036126 0.100744
0.589239 0.314879
0.209693 0.375655
0.385172 0.577118
0.483717 0.528423
0.835424 0.412022
0.212500 0.975889
0.338960 0.088419
0.281557 0.892695
0.005883 0.718500
0.651816 0.173283
0.582352 0.855505
0.396404 0.174074
0.542437 0.965481
0.114109 0.265638
0.805666 0.397154
0.823291 0.795958
0.024415 0.935882
0.441014 0.668434
0.151825 0.020828
0.734397 0.372057
0.048864 0.228896
0.194644 0.966233
0.218179 0.684637
0.628959 0.219006
0.362779 0.642257
0.391516 0.824992
0.359180 0.604002
0.081878 0.388099
0.407494 0.988645
0.227751 0.644178
0.575039 0.544411
0.938671 0.220011
0.685411 0.412648
0.768197 0.077594
0.521551 0.991675
0.054434 0.676460
0.609199 0.524667
0.822141 0.801833
0.426222 0.641099
0.924465 0.952674
0.743648 0.918194
0.478259 0.161248
0.945871 0.896962
0.804210 0.124594
0.600300 0.886855
0.021466 0.568360
0.250852 0.323719
0.166174 0.834714
0.395049 0.407623
0.204317 0.788608
0.871051 0.240336
0.591477 0.270459
0.428836 0.706616
0.095615 0.488330
0.088827 0.899149
0.443686 0.939011
0.001616 0.973883
0.978893 0.674912
0.914044 0.940674
0.922599 0.992493
0.019743 0.043576
0.023407 0.907980
0.926346 0.065753
0.345623 0.107406
0.706928 0.105932
0.700317 0.410565
0.519839 0.116460
0.754411 0.172242
0.078937 0.767449
0.166695 0.459134
0.335341 0.007160
0.194414 0.287159
0.092172 0.025683
0.090030 0.681391
0.915338 0.197141
0.264998 0.829644
0.626301 0.975059
0.635875 0.140774
0.866823 0.646204
0.787788 0.590057
0.711089 0.310104
0.591299 0.336527
0.067158 0.444645
0.690891 0.230968
0.657585 0.942519
0.846802 0.498273
0.698127 0.559011
0.456660 0.574188
0.003824 0.298475
0.709335 0.803987
0.143327 0.385050
0.730653 0.469413
0.435204 0.112566
0.769110 0.400277
0.034063 0.049256
0.939433 0.248365
0.089679 0.784801
0.292816 0.353874
0.978893 0.650414
0.014887 0.018362
0.907948 0.617055
0.365941 0.913249
0.761982 0.882562
0.572698 0.299203
0.938773 0.495383
0.256819 0.709250
0.045434 0.730755
0.142641 0.757287
0.759597 0.834601
0.725080 0.773670
0.860735 0.181065
0.298349 0.040862
0.422614 0.851542
0.247155 0.504661
0.424482 0.136194
0.784220 0.970320
0.586442 0.483389
0.381490 0.957888
0.063550 0.978132
0.987098 0.587437
0.743568 0.517502
0.746119 0.092326
0.284845 0.469249
0.350410 0.817471
0.703709 0.749131
0.331268 0.849634
0.274811 0.933234
0.578397 0.748012
0.743245 0.233430
0.119632 0.195968
0.363838 0.907288
0.728101 0.778509
0.080895 0.948181
0.236988 0.505187
0.240737 0.706976
0.536769 0.144362
0.589777 0.433626
0.105799 0.912316
0.952424 0.595140
0.582320 0.569495
0.906009 0.225814
0.324465 0.516200
0.973982 0.496288
0.124543 0.051317
0.344020 0.149880
0.244875 0.560250
0.884255 0.447856
0.724671 0.031972
0.278713 0.789648
0.470921 0.970175
0.432124 0.229761
0.990996 0.459783
0.904645 0.699974
0.750629 0.877618
0.028625 0.863632
0.048178 0.494812
0.532378 0.178231
0.984555 0.008603
0.950072 0.923152
0.577901 0.862414
0.832150 0.661346
0.323119 0.065690
0.787325 0.846888
0.528539 0.108722
0.685041 0.064786
0.575518 0.482755
0.926378 0.695040
0.841481 0.261945
0.551765 0.629913
0.402878 0.181287
0.095408 0.041498
0.791780 0.653400
0.519268 0.096104
0.018305 0.207130
0.263450 0.942630
0.790771 0.902179
0.435273 0.264043
0.366493 0.376551
0.425855 0.174184
0.748322 0.317352
0.790929 0.266601
0.005535 0.310560
0.061675 0.177733
0.342381 0.221630
0.261734 0.113691
0.163605 0.486381
0.298152 0.408058
0.793450 0.950365
0.066869 0.327528
0.693156 0.184973
0.067447 0.022878
0.991675 0.529826
0.557115 0.734681
0.895305 0.463524
0.790775 0.106328
0.074185 0.288632
0.691497 0.731335
0.437044 0.531807
0.375104 0.867601
0.800345 0.906262
0.312824 0.588158
0.833944 0.161316
0.557571 0.506154
0.322576 0.652541
0.382271 0.611197
0.221011 0.006084
0.882767 0.684879
0.200401 0.822014
0.583157 0.225184
0.384339 0.964087
0.848058 0.802664
0.755378 0.617111
0.954096 0.295690
0.276224 0.958143
0.002087 0.507724
0.114558 0.984008
0.461643 0.256497
0.486397 0.765216
0.031623 0.143128
0.540154 0.155093
0.672628 0.858629
0.392023 0.773021
0.121902 0.065927
0.893039 0.901943
0.936301 0.607422
0.959136 0.792848
0.125630 0.031278
0.327774 0.752719
0.736476 0.204057
0.418151 0.307500
0.325792 0.082974
0.566776 0.677877
0.123800 0.557945
0.286120 0.783262
0.827430 0.641799
0.351323 0.998116
0.388324 0.186394
0.458386 0.924802
0.863548 0.733096
0.917021 0.518458
0.382528 0.067935
0.342290 0.001902
0.550286 0.544965
0.591413 0.142369
0.154946 0.265741
0.255584 0.626946
0.876545 0.758496
0.861365 0.469825
0.804565 0.887526
0.562213 0.612051
0.963191 0.341438
0.507906 0.133241
0.716136 0.198340
0.268122 0.784758
0.877017 0.746719
0.656159 0.875151
0.586566 0.952659
0.049730 0.891181
0.534605 0.707216
0.838036 0.621557
0.902541 0.262189
0.937755 0.965537
0.481247 0.068183
0.415343 0.054854
0.779541 0.565773
0.129011 0.794940
0.580091 0.348746
0.960948 0.440232
0.322398 0.517819
0.648871 0.358382
0.896652 0.973867
0.445684 0.709460
0.917555 0.861656
0.837017 0.368807
0.313860 0.368187
0.328628 0.055967
0.117185 0.604216
0.879159 0.297168
0.662786 0.353152
0.898416 0.545117
0.025322 0.058455
0.857369 0.507400
0.404221 0.538830
0.463256 0.493591
0.346165 0.569914
0.041680 0.381184
0.146241 0.651822
0.237289 0.621774
0.504710 0.993836
0.395624 0.561439
0.532937 0.990678
0.020953 0.233068
0.499854 0.239230
0.518345 0.693424
0.289454 0.450219
0.023020 0.924013
0.400156 0.446306
0.495955 0.292368
0.458490 0.806178
0.421939 0.579155
0.642377 0.613667
0.384795 0.616537
0.113428 0.201556
0.514161 0.654533
0.542982 0.741687
0.299236 0.674631
0.083246 0.026111
0.547097 0.003719
0.682744 0.808462
0.326698 0.746432
0.474354 0.630381
0.584358 0.750297
0.074616 0.144750
0.742537 0.045602
0.024537 0.565639
0.000943 0.960705
0.275023 0.024303
0.247443 0.403535
0.574135 0.291206
0.456028 0.121329
0.848727 0.536000
0.200027 0.103178
0.189636 0.540506
0.441003 0.673769
0.847428 0.054189
0.067238 0.241713
0.724824 0.787285
0.750438 0.112174
0.212257 0.873627
0.565273 0.251023
0.854649 0.503397
0.473595 0.396559
0.260306 0.825457
0.213628 0.454840
0.866966 0.149552
0.354190 0.686007
0.665367 0.940597
0.274959 0.791471
0.747308 0.090454
0.616016 0.645659
0.593030 0.476961
0.303401 0.081033
0.341843 0.875711
0.602115 0.831405
0.900284 0.876920
0.773999 0.466079
0.633672 0.577946
0.825139 0.906181
0.559805 0.471404
0.515916 0.904535
0.417629 0.129492
0.276566 0.691769
0.719056 0.997055
0.922066 0.843847
0.908732 0.849098
0.092415 0.310023
0.054377 0.242832
0.157830 0.455256
0.069448 0.600046
0.923129 0.917408
0.330214 0.392484
0.841519 0.057086
0.690926 0.271073
0.605276 0.786777
0.323642 0.879281
0.919228 0.605976
0.513345 0.521519
0.982727 0.740275
0.524341 0.819435
0.706744 0.384943
0.920557 0.982110
0.974956 0.187292
0.270174 0.340581
0.321167 0.267193
0.994151 0.352760
0.240142 0.271360
0.228542 0.371767
0.974894 0.184585
0.962119 0.088826
0.030704 0.879900
0.383645 0.711316
0.854623 0.679643
0.327266 0.617200
0.088937 0.520741
0.939828 0.439006
0.558041 0.670041
0.210528 0.273662
0.680413 0.319292
0.801162 0.988941
0.310840 0.804456
0.694345 0.402883
0.112782 0.640293
0.537403 0.449542
0.436730 0.038693
0.201261 0.312498
0.337654 0.088051
0.996508 0.907053
0.803093 0.310991
0.192886 0.022649
0.483194 0.889046
0.973849 0.898976
0.214944 0.445429
0.724399 0.002409
0.415112 0.910846
0.598284 0.293824
0.979851 0.662308
0.639729 0.334482
0.673676 0.821206
0.345237 0.163631
0.116469 0.324452
0.442579 0.999598
0.384432 0.141277
0.836962 0.465582
0.929349 0.798305
0.128457 0.222005
0.990266 0.196829
0.840121 0.599213
0.922671 0.558744
0.512849 0.067462
0.902473 0.221380
0.120847 0.155553
0.275566 0.916514
0.840711 0.735138
0.418492 0.115156
0.067455 0.424632
0.351676 0.997185
0.712430 0.234832
0.503959 0.613780
0.240936 0.477760
0.965610 0.850546
0.611402 0.390909
0.286732 0.870594
0.263411 0.890976
0.378957 0.819331
0.568391 0.364363
0.360550 0.706518
0.704691 0.426079
0.248506 0.546196
0.747832 0.134421
0.245980 0.031366
0.877099 0.235646
0.999329 0.247844
0.991216 0.631077
0.606306 0.190511
0.698717 0.408444
0.345394 0.135206
0.602728 0.459979
0.066020 0.240808
0.035203 0.921640
0.930346 0.108587
0.912292 0.411067
0.729567 0.409689
0.180345 0.316218
0.311132 0.106681
0.401172 0.192367
0.748006 0.241326
0.385510 0.662003
0.757109 0.738362
0.425294 0.080356
0.531235 0.183775
0.598122 0.628712
0.587304 0.076160
0.821443 0.428289
0.453447 0.621007
0.819359 0.729422
0.018477 0.740318
0.931483 0.223913
0.149462 0.603727
0.741202 0.052869
0.746638 0.652352
0.829768 0.137958
0.749598 0.782891
0.572988 0.050988
0.734687 0.087006
0.788899 0.754821
0.650742 0.299834
0.217654 0.198093
0.928822 0.901516
0.268969 0.926846
0.671259 0.636894
0.207787 0.588106
0.876376 0.071090
0.965475 0.443605
0.687418 0.682470
0.061670 0.786245
0.467737 0.909505
0.701029 0.457591
0.098978 0.514387
0.969462 0.501569
0.275014 0.603726
0.196047 0.357720
0.721587 0.655503
0.969674 0.896791
0.210091 0.941466
0.003554 0.032061
0.953665 0.805440
0.026100 0.601776
0.474742 0.360579
0.143273 0.711186
0.315412 0.302364
0.665349 0.747101
0.025454 0.699194
0.220148 0.833564
0.707606 0.818709
0.085147 0.584122
0.025613 0.275511
0.062459 0.624384
0.987843 0.044760
0.893558 0.507915
0.007711 0.176141
0.164689 0.329231
0.711884 0.363990
0.889283 0.549533
0.718241 0.881921
0.470290 0.294013
0.137746 0.774065
0.543185 0.653956
0.867910 0.610087
0.279516 0.332543
0.840215 0.557424
0.091213 0.310160
0.259861 0.001736
0.317468 0.073194
0.533429 0.455341
0.398865 0.349703
0.018525 0.033459
0.247519 0.226016
0.949178 0.349360
0.007356 0.980231
0.891788 0.282067
0.165258 0.961738
0.868589 0.704039
0.021639 0.370321
0.849115 0.921315
0.858136 0.844047
0.654856 0.274874
0.750447 0.352057
0.448286 0.079516
0.865937 0.006564
0.884651 0.835341
0.258500 0.057747
0.693405 0.436977
0.627259 0.515911
0.925891 0.926942
0.241040 0.557196
0.356842 0.192135
0.247149 0.112281
0.559519 0.886165
0.880852 0.811929
0.987755 0.775324
0.671040 0.768919
0.992931 0.652275
0.597919 0.512775
0.079850 0.939056
0.300171 0.761916
0.862738 0.109823
0.851878 0.617225
0.121048 0.103744
0.333610 0.191726
0.074494 0.969802
0.407419 0.652959
0.497694 0.087758
0.372080 0.147808
0.577055 0.443336
0.722805 0.103957
0.475981 0.600730
0.068700 0.957804
0.419234 0.211819
0.371644 0.445592
0.733243 0.129006
0.861832 0.212654
0.686388 0.447410
0.658088 0.645121
0.161760 0.092152
0.075169 0.509062
0.164616 0.887785
0.835604 0.193977
0.917752 0.399436
0.920237 0.100709
0.830204 0.219059
0.589486 0.988255
0.938201 0.785166
0.186442 0.899628
0.511992 0.270778
0.693246 0.623827
0.398167 0.551807
0.653853 0.519145
0.324301 0.776893
0.999058 0.922458
0.831245 0.599789
0.513845 0.299787
0.718090 0.706613
0.172400 0.755362
0.885835 0.872892
0.332779 0.509570
0.247995 0.419058
0.831054 0.480573
0.939865 0.598133
0.343861 0.160071
0.402902 0.145604
0.998624 0.560568
0.046628 0.949047
0.102352 0.129692
0.097718 0.553832
0.032719 0.176519
0.934396 0.011286
0.789273 0.535512
0.673987 0.396992
0.437965 0.905608
0.032461 0.179418
0.698760 0.545153
0.507018 0.502878
0.224001 0.777785
0.746257 0.363857
0.694235 0.070045
0.567171 0.606028
0.718614 0.278396
0.454227 0.636813
0.668547 0.031510
0.532965 0.777154
0.996166 0.113077
0.949085 0.196174
0.293229 0.141070
0.303660 0.453708
0.331478 0.801318
0.296133 0.776230
0.592040 0.386375
0.008967 0.325481
0.339318 0.415119
0.331281 0.884137
0.123941 0.664171
0.863555 0.579166
0.709654 0.029117
0.271444 0.491038
0.810668 0.251708
0.463988 0.255759
0.698827 0.698619
0.159950 0.056732
0.694041 0.057990
0.375777 0.724729
0.786804 0.031929
0.119632 0.016818
0.158198 0.846277
0.108175 0.528852
0.160660 0.673380
0.636255 0.111196
0.401866 0.869256
0.824395 0.103618
0.934448 0.263481
0.344931 0.182856
0.195871 0.608260
0.384891 0.125118
0.265623 0.692576
0.042182 0.325841
0.211008 0.557974
