0.638429 0.347853
0.543942 0.024995
0.342186 0.992682
0.187717 0.666136
0.580863 0.003709
0.895344 0.351333
0.734125 0.726214
0.863696 0.357194
0.595832 0.965121
0.305685 0.067673
0.558532 0.612163
0.280558 0.638200
0.970445 0.938887
0.980556 0.891895
0.974162 0.665749
0.316882 0.845708
0.117741 0.469329
0.082450 0.394244
0.166573 0.547686
0.059759 0.715117
0.838345 0.228138
0.189257 0.902130
0.633607 0.372253
0.316910 0.181127
0.540914 0.509613
0.099263 0.818319
0.158188 0.214891
0.360068 0.491978
0.690915 0.232066
0.564677 0.465786
0.362965 0.245103
0.106657 0.375757
0.007276 0.996162
0.785714 0.822541
0.991346 0.660443
0.196788 0.247041
0.176417 0.000998
0.747270 0.759667
0.309424 0.847370
0.672620 0.692169
0.103226 0.868680
0.730217 0.645895
0.273364 0.444754
0.217102 0.721426
0.968475 0.678201
0.579353 0.431959
0.356752 0.235806
0.159134 0.526402
0.612236 0.759380
0.560038 0.578047
0.182449 0.044231
0.702180 0.730837
0.012812 0.047654
0.885536 0.437592
0.353485 0.060360
0.083364 0.373204
0.880721 0.050512
0.247118 0.960722
0.127514 0.273065
0.620068 0.109325
0.637263 0.726330
0.928927 0.830622
0.829378 0.933227
0.851088 0.373307
0.297199 0.826417
0.339667 0.396104
0.146284 0.224540
0.229351 0.485065
0.025076 0.501023
0.043121 0.013658
0.700157 0.567433
0.073250 0.942726
0.384729 0.220118
0.619546 0.662275
0.541675 0.231886
0.733607 0.388184
0.551487 0.309702
0.939970 0.944311
0.460535 0.184939
0.183307 0.984098
0.006626 0.654438
0.685424 0.835682
0.256463 0.348648
0.486635 0.190607
0.483581 0.367392
0.193135 0.798673
0.365522 0.694291
0.855341 0.180043
0.185467 0.477648
0.961723 0.120631
0.486226 0.848599
0.248469 0.377935
0.543432 0.936595
0.397417 0.591837
0.100008 0.137789
0.722973 0.868562
0.035369 0.493655
0.633338 0.885824
0.030570 0.245182
0.992169 0.653363
0.834527 0.242237
0.503870 0.255438
0.436634 0.908196
0.899036 0.000466
0.307551 0.886709
0.006145 0.407911
0.882643 0.330476
0.761399 0.373622
0.631468 0.031143
0.830697 0.672230
0.381935 0.234970
0.796046 0.678835
0.049179 0.040651
0.793282 0.822090
0.556916 0.733700
0.078778 0.816951
0.532956 0.276051
0.249927 0.167697
0.310776 0.440037
0.747450 0.780507
0.875495 0.752687
0.827217 0.779726
0.655262 0.499247
0.405021 0.783106
0.478057 0.524149
0.049868 0.958686
0.589060 0.463088
0.929648 0.159603
0.355216 0.341696
0.697599 0.313005
0.171300 0.184250
0.148854 0.025395
0.125752 0.390154
0.973353 0.059083
0.184721 0.156408
0.084804 0.933076
0.009228 0.151069
0.814883 0.406624
0.033034 0.975675
0.727716 0.014751
0.097762 0.693908
0.931750 0.142509
0.766998 0.849238
0.544440 0.348297
0.422552 0.946073
0.399743 0.776502
0.383763 0.326949
0.179240 0.535827
0.584658 0.742520
0.894773 0.862058
0.793987 0.681668
0.053802 0.732671
0.969595 0.705761
0.898261 0.355534
0.101280 0.614121
0.823511 0.615128
0.815253 0.257029
0.456055 0.127058
0.088485 0.208065
0.897014 0.025284
0.652683 0.309393
0.322904 0.986367
0.055348 0.311548
0.476114 0.281176
0.889276 0.443598
0.574521 0.836866
0.402096 0.770022
0.823014 0.390580
0.553870 0.617409
0.019274 0.821213
0.603455 0.187118
0.711956 0.656703
0.473318 0.709252
0.991523 0.571695
0.467642 0.138847
0.272267 0.414069
0.400036 0.446918
0.358646 0.928688
0.824859 0.017004
0.679871 0.882871
0.860078 0.522127
0.823774 0.740471
0.039831 0.927582
0.404263 0.380070
0.741260 0.941722
0.856283 0.607688
0.992902 0.319942
0.968010 0.375535
0.890868 0.916272
0.832052 0.685724
0.424229 0.272551
0.425791 0.131483
0.242476 0.836879
0.215537 0.908294
0.785616 0.611051
0.020006 0.913527
0.241416 0.140961
0.865687 0.245507
0.994495 0.284443
0.720003 0.011589
0.588414 0.117787
0.797724 0.859705
0.734607 0.675177
0.601926 0.058974
0.570943 0.954556
0.982834 0.272345
0.197906 0.768918
0.276249 0.387885
0.501813 0.573802
0.017786 0.905207
0.412215 0.359770
0.819998 0.409649
0.034525 0.062887
0.746521 0.609221
0.549166 0.716753
0.920704 0.257953
0.374930 0.746393
0.165734 0.044172
0.856963 0.387292
0.189127 0.183353
0.658727 0.202167
0.196484 0.022589
0.112487 0.063519
0.847764 0.437352
0.014313 0.771820
0.153869 0.181084
0.737284 0.687158
0.252187 0.634323
0.080534 0.366445
0.996780 0.592420
0.971960 0.218781
0.952236 0.829549
0.998867 0.618350
0.689788 0.181604
0.753526 0.747207
0.250096 0.801682
0.149549 0.679579
0.259178 0.059274
0.190202 0.864837
0.462298 0.277878
0.151201 0.218001
0.375168 0.135661
0.778243 0.484701
0.342667 0.089910
0.893475 0.411751
0.542341 0.628414
0.755285 0.524988
0.373250 0.499528
0.622247 0.992813
0.230332 0.327571
0.234768 0.136863
0.880254 0.181349
0.346891 0.640503
0.526780 0.730941
0.015950 0.401332
0.182036 0.601567
0.089173 0.275662
0.144600 0.413200
0.214060 0.670940
0.226160 0.780745
0.743287 0.056315
0.865590 0.241965
0.105098 0.982099
0.422560 0.678995
0.566566 0.125595
0.752414 0.304141
0.829841 0.213797
0.629845 0.691810
0.570402 0.412704
0.710977 0.655806
0.851562 0.918509
0.501769 0.994829
0.330903 0.037696
0.235252 0.258936
0.312009 0.001047
0.650902 0.725829
0.988826 0.120862
0.416552 0.718228
0.680165 0.671170
0.336530 0.242214
0.458301 0.047493
0.549317 0.681324
0.338332 0.345707
0.633820 0.942286
0.113898 0.488820
0.915416 0.015701
0.000055 0.425995
0.291277 0.388577
0.475549 0.729886
0.579013 0.125519
0.104429 0.126390
0.733527 0.721528
0.660873 0.105150
0.274024 0.021699
0.581320 0.779662
0.916451 0.601796
0.624419 0.592608
0.716195 0.008522
0.632022 0.295025
0.991715 0.169459
0.453376 0.867188
0.921829 0.100023
0.419890 0.694602
0.987710 0.758418
0.239262 0.364227
0.365207 0.529462
0.815480 0.904107
0.963946 0.354264
0.295140 0.153797
0.056709 0.965160
0.590718 0.223511
0.345928 0.033895
0.737883 0.676663
0.873699 0.295970
0.706640 0.153485
0.397539 0.875167
0.705019 0.642658
0.726173 0.099674
0.589235 0.503403
0.037973 0.074855
0.725695 0.642250
0.389225 0.157584
0.537904 0.956673
0.460237 0.263214
0.015283 0.272092
0.084350 0.628624
0.661098 0.519193
0.258263 0.253408
0.713160 0.825323
0.141619 0.746183
0.983627 0.526698
0.019655 0.714098
0.333202 0.847416
0.324758 0.151014
0.620213 0.136800
0.591108 0.503476
0.946508 0.108338
0.651159 0.223457
0.159779 0.481475
0.473518 0.653003
0.865901 0.791823
0.788858 0.028279
0.655038 0.905801
0.053833 0.239163
0.851732 0.952520
0.362508 0.735402
0.861890 0.968718
0.630662 0.631488
0.108504 0.541805
0.750382 0.629798
0.623170 0.131595
0.440677 0.855151
0.591877 0.553048
0.204435 0.073851
0.541278 0.310378
0.142838 0.056400
0.395553 0.087095
0.375450 0.035437
0.334213 0.717113
0.467480 0.309123
0.237598 0.388767
0.575320 0.045036
0.519558 0.666613
0.987279 0.250814
0.315714 0.155146
0.358464 0.695128
0.320927 0.274056
0.217144 0.286229
0.051005 0.666431
0.254442 0.045178
0.941428 0.219295
0.500057 0.347013
0.489760 0.540146
0.733781 0.545475
0.598655 0.003661
0.385887 0.445573
0.382788 0.159483
0.739042 0.343113
0.965744 0.375038
0.460225 0.511489
0.211837 0.076555
0.363175 0.083394
0.913038 0.846997
0.830260 0.248734
0.682625 0.941354
0.507173 0.569941
0.694868 0.487763
0.724728 0.001986
0.454014 0.757176
0.599073 0.896783
0.976006 0.404801
0.914965 0.870321
0.122866 0.513310
0.706327 0.915719
0.342303 0.600800
0.914107 0.556561
0.734105 0.495765
0.623573 0.152222
0.190051 0.126837
0.161442 0.690556
0.335509 0.826816
0.767848 0.533173
0.138605 0.708507
0.648979 0.614691
0.346786 0.034159
0.963251 0.539708
0.360782 0.270788
0.697237 0.869890
0.762441 0.700438
0.447123 0.648449
0.475583 0.037435
0.837298 0.870402
0.457981 0.493947
0.679736 0.174417
0.897762 0.130679
0.006159 0.505651
0.118978 0.131274
0.789553 0.878890
0.788773 0.847013
0.512399 0.657429
0.562536 0.072667
0.736077 0.955500
0.003626 0.034838
0.479213 0.870717
0.470673 0.000918
0.522312 0.257848
0.678193 0.249772
0.721823 0.666411
0.805171 0.384531
0.038889 0.881911
0.351476 0.613376
0.266314 0.234232
0.423409 0.675957
0.371874 0.466529
0.767389 0.551098
0.966920 0.494117
0.664717 0.945691
0.656279 0.825259
0.750567 0.835208
0.928784 0.764343
0.926780 0.002991
0.807338 0.772859
0.800751 0.608510
0.693239 0.524701
0.501629 0.304024
0.711548 0.259705
0.300263 0.314602
0.392628 0.012970
0.190741 0.198194
0.709523 0.177398
0.479115 0.710481
0.331696 0.642991
0.468786 0.313460
0.452687 0.448875
0.532280 0.387259
0.702595 0.482613
0.215550 0.131401
0.465844 0.266267
0.533649 0.474781
0.390520 0.279803
0.285567 0.052832
0.997641 0.589817
0.041215 0.455923
0.077018 0.775183
0.434985 0.504728
0.990977 0.271121
0.538012 0.266353
0.097990 0.289297
0.375210 0.889262
0.255364 0.413980
0.103342 0.105528
0.763434 0.822870
0.972844 0.425719
0.173299 0.836144
0.958807 0.634724
0.095940 0.158354
0.865458 0.186078
0.522649 0.745228
0.783706 0.487867
0.194987 0.701036
0.012729 0.875036
0.247109 0.992080
0.944299 0.270945
0.684057 0.047989
0.952474 0.155263
0.256741 0.514887
0.031487 0.475801
0.947613 0.523148
0.781106 0.568663
0.590636 0.837295
0.351432 0.984059
0.114954 0.166795
0.128050 0.354427
0.523734 0.733823
0.263649 0.086994
0.998002 0.917733
0.643650 0.714656
0.449821 0.425865
0.511110 0.197104
0.440024 0.976420
0.770090 0.328328
0.622746 0.921543
0.936871 0.677180
0.782348 0.587371
0.814871 0.164416
0.087884 0.362704
0.231776 0.462649
0.406081 0.729070
0.596372 0.894902
0.385875 0.492341
0.607755 0.402966
0.555876 0.449715
0.181019 0.458499
0.860674 0.605715
0.541254 0.497855
0.902773 0.837045
0.481602 0.575844
0.653940 0.598465
0.981323 0.454156
0.553147 0.860545
0.736272 0.266951
0.717798 0.974979
0.666893 0.239076
0.460788 0.574313
0.137738 0.671705
0.428000 0.930318
0.447786 0.555620
0.449155 0.418854
0.132208 0.724177
0.629527 0.868967
0.753971 0.415981
0.300827 0.610106
0.157599 0.481535
0.196651 0.973692
0.607605 0.238678
0.621190 0.853957
0.840550 0.158346
0.439494 0.687795
0.822398 0.145213
0.433373 0.874551
0.921760 0.167039
0.939115 0.224032
0.284820 0.382033
0.711497 0.494648
0.429201 0.715317
0.643162 0.463498
0.461689 0.043583
0.309230 0.256336
0.868718 0.761286
0.304101 0.857730
0.528672 0.522221
0.990709 0.820367
0.451556 0.377107
0.592082 0.197343
0.764224 0.360787
0.520848 0.632398
0.628351 0.821928
0.464446 0.360451
0.103502 0.433599
0.022059 0.594418
0.449098 0.874884
0.623924 0.404172
0.996785 0.631660
0.054430 0.729651
0.518651 0.228964
0.147545 0.612492
0.966927 0.477862
0.126378 0.079203
0.567268 0.996491
0.618297 0.363773
0.510379 0.347958
0.592819 0.318744
0.905738 0.627033
0.341560 0.931173
0.236307 0.223093
0.147874 0.833500
0.284626 0.788503
0.478348 0.579286
0.388340 0.149673
0.369163 0.239845
0.927159 0.012235
0.177402 0.570251
0.143481 0.832344
0.020689 0.591761
0.755289 0.152819
0.038136 0.942639
0.332707 0.035881
0.071371 0.760460
0.078466 0.963482
0.486507 0.176377
0.477795 0.721746
0.636239 0.725446
0.264647 0.337777
0.895798 0.107013
0.288897 0.095117
0.297335 0.765286
0.163075 0.018387
0.534384 0.702578
0.017406 0.988152
0.511337 0.786393
0.298363 0.823805
0.672485 0.566346
0.308641 0.255283
0.060951 0.278086
0.105407 0.693679
0.429949 0.278767
0.448869 0.106312
0.757095 0.632211
0.724660 0.103606
0.197092 0.941852
0.151220 0.553091
0.848906 0.815610
0.127311 0.650149
0.710636 0.539292
0.275002 0.395578
0.848605 0.633710
0.589878 0.856868
0.116756 0.975594
0.122965 0.423031
0.728252 0.073529
0.787767 0.502132
0.603293 0.907513
0.211035 0.756141
0.695410 0.464358
0.027318 0.019510
0.433143 0.731066
0.655052 0.505872
0.004769 0.444418
0.385870 0.771512
0.460861 0.337405
0.569044 0.174796
0.512744 0.971772
0.779373 0.247459
0.464517 0.500824
0.119569 0.476700
0.932093 0.867758
0.227096 0.486270
0.874825 0.012202
0.130656 0.500246
0.993565 0.631244
0.832929 0.274951
0.733585 0.921135
0.383871 0.392478
0.971639 0.511973
0.252849 0.923550
0.963459 0.500064
0.008048 0.987929
0.281357 0.081286
0.668052 0.667377
0.281128 0.793664
0.603210 0.059146
0.103301 0.788500
0.533293 0.997266
0.335842 0.866780
0.993214 0.114379
0.243730 0.241222
0.619964 0.468647
0.905410 0.114194
0.751650 0.918245
0.686930 0.197889
0.123453 0.790237
0.231658 0.245500
0.895525 0.161121
0.546782 0.510799
0.854285 0.243093
0.827372 0.808371
0.391265 0.953077
0.374599 0.507933
0.782615 0.730852
0.336783 0.363499
0.367564 0.068095
0.030256 0.551834
0.455570 0.011899
0.281600 0.674485
0.179613 0.114394
0.573642 0.763832
0.056995 0.914271
0.774643 0.525972
0.719241 0.056608
0.883473 0.151895
0.129119 0.584067
0.533087 0.033281
0.615495 0.765620
0.960484 0.630385
0.225688 0.068148
0.773365 0.556860
0.220195 0.521824
0.122048 0.670006
0.016073 0.781907
0.819759 0.584799
0.522994 0.647602
0.545241 0.566215
0.609910 0.662895
0.508696 0.196711
0.390471 0.694784
0.865386 0.564391
0.121786 0.061069
0.720800 0.972251
0.773796 0.862894
0.787112 0.330027
0.745508 0.666472
0.622716 0.457562
0.779485 0.573946
0.914957 0.502243
0.857486 0.025093
0.450745 0.552921
0.747793 0.379573
0.260543 0.318891
0.918761 0.443711
0.918322 0.434868
0.733262 0.626277
0.133360 0.551530
0.195209 0.334501
0.579361 0.876105
0.031964 0.554581
0.372181 0.238567
0.565454 0.300168
0.729503 0.076444
0.649963 0.757855
0.124156 0.954826
0.936020 0.510417
0.677305 0.368075
0.857538 0.176607
0.628598 0.605848
0.033245 0.170509
0.467386 0.408456
0.223686 0.054016
0.712498 0.985179
0.591512 0.132715
0.387572 0.724080
0.775445 0.528492
0.954810 0.582948
0.207296 0.951425
0.842071 0.718430
0.176560 0.789031
0.726526 0.384006
0.378588 0.932704
0.422708 0.507373
0.070037 0.969171
0.563568 0.643908
0.499204 0.979080
0.260244 0.195299
0.979102 0.205304
0.579554 0.881022
0.827526 0.280336
0.987823 0.455272
0.411100 0.535142
0.875430 0.573043
0.699199 0.151092
0.898571 0.526478
0.058873 0.562114
0.153037 0.296199
0.503317 0.565958
0.129373 0.992254
0.244140 0.061470
0.989618 0.295417
0.191630 0.193040
0.952876 0.951974
0.997408 0.953883
0.480313 0.723755
0.340299 0.976580
0.509726 0.450077
0.418958 0.322319
0.205657 0.039349
0.033734 0.569507
0.563096 0.275522
0.215423 0.397971
0.731134 0.298181
0.090053 0.166687
0.107510 0.494936
0.556497 0.691017
0.095791 0.330946
0.397676 0.539651
0.914020 0.332758
0.646308 0.692010
0.996973 0.042286
0.382600 0.323575
0.343743 0.261645
0.653977 0.819653
0.628183 0.320681
0.875884 0.857310
0.011811 0.416419
0.897905 0.540764
0.377116 0.297287
0.900867 0.127221
0.133744 0.694857
0.428312 0.838202
0.840895 0.941982
0.149658 0.615637
0.636303 0.158575
0.402560 0.452524
0.865531 0.234923
0.168433 0.104682
0.364824 0.597314
0.897799 0.573186
0.566652 0.401872
0.521055 0.736267
0.969088 0.369893
0.055457 0.905028
0.538522 0.951601
0.450567 0.879031
0.299756 0.885121
0.702104 0.285862
0.708384 0.503625
0.808070 0.603011
0.397376 0.335936
0.841240 0.280919
0.543162 0.644575
0.268537 0.812814
0.406034 0.550064
0.660510 0.429945
0.565549 0.301464
0.103080 0.340088
0.993640 0.070482
0.948908 0.072732
0.386510 0.370154
0.027204 0.546052
0.110907 0.828946
0.068465 0.928856
0.711242 0.587283
0.894586 0.234887
0.171044 0.025890
0.874997 0.857410
0.025605 0.883945
0.255900 0.928758
0.982194 0.079961
0.232397 0.472510
0.920079 0.709405
0.052227 0.805251
0.014649 0.760481
0.015041 0.540356
0.258246 0.063121
0.962580 0.848002
0.834881 0.866104
0.742817 0.333629
0.646866 0.223368
0.175073 0.011308
0.788402 0.062966
0.243314 0.369009
0.914546 0.410727
0.601265 0.449494
0.263505 0.745598
0.985704 0.203587
0.556050 0.874744
0.803210 0.111819
0.117904 0.033890
0.980852 0.215959
0.349279 0.142013
0.152755 0.253704
0.100309 0.269371
0.392168 0.547787
0.601948 0.413990
0.992594 0.665063
0.348964 0.624120
0.251761 0.631590
0.734996 0.352799
0.818635 0.666515
0.299187 0.685545
0.926394 0.980572
0.159758 0.743327
0.753195 0.174259
0.581930 0.130356
0.227801 0.166250
0.655930 0.769873
0.828555 0.384402
0.745405 0.850972
0.311873 0.159664
0.707357 0.895654
0.850418 0.877506
0.881800 0.147679
0.761257 0.461962
0.502679 0.583419
0.860788 0.194148
0.491109 0.849792
0.495904 0.700131
0.557868 0.345490
0.469806 0.182268
0.164123 0.479123
0.406080 0.613656
0.167672 0.861474
0.576080 0.667087
0.916603 0.819024
0.852389 0.607895
0.143023 0.151953
0.245027 0.244379
0.256666 0.502287
0.427325 0.299940
0.541414 0.046422
0.764774 0.247877
0.317422 0.481193
0.622901 0.732761
0.347296 0.433760
0.149137 0.191588
0.636882 0.492972
0.298860 0.183396
0.309515 0.033511
0.607214 0.237812
0.417180 0.883981
0.096035 0.740984
0.392822 0.676267
0.749127 0.491630
0.345138 0.405851
0.189354 0.080413
0.550496 0.331412
0.547435 0.172657
0.306195 0.846915
0.025044 0.107366
0.775096 0.370541
0.323755 0.964829
0.573743 0.612171
0.936557 0.400548
0.634384 0.804798
0.280129 0.095017
0.305900 0.615083
0.783749 0.626878
0.749454 0.484454
0.344651 0.941235
0.431744 0.094486
0.009850 0.355417
0.922079 0.498962
0.350901 0.221239
0.259040 0.219882
0.760740 0.945825
0.868335 0.265818
0.820712 0.062288
0.385510 0.598417
0.961085 0.437121
0.765508 0.046463
0.869795 0.502845
0.745639 0.046799
0.491846 0.612531
0.069327 0.877547
0.005770 0.227018
0.875096 0.241456
0.863700 0.666201
0.308560 0.155805
0.838109 0.582492
0.724756 0.110218
0.030901 0.147563
0.813986 0.364849
0.969549 0.182770
0.606388 0.078783
0.240118 0.109125
0.588798 0.682144
0.588488 0.644468
0.102021 0.535269
0.058775 0.633481
0.777445 0.454452
0.531899 0.260469
0.019027 0.126128
0.977427 0.165304
0.439961 0.780031
0.838301 0.659717
0.722951 0.746695
0.230702 0.324122
0.588802 0.685860
0.060308 0.754408
0.430118 0.339662
0.731343 0.123643
0.695234 0.638182
0.856296 0.525398
0.292049 0.864758
0.261877 0.773416
0.122285 0.374639
0.630706 0.446571
0.353719 0.052911
0.318448 0.488619
0.191313 0.296282
0.242538 0.598972
0.717682 0.808176
0.251340 0.983730
0.839203 0.907738
0.051537 0.775485
0.496108 0.370714
0.596721 0.575896
0.073242 0.043819
0.821629 0.126819
0.382741 0.604091
0.744143 0.073747
0.680680 0.870839
0.251122 0.149609
0.926837 0.020201
0.334334 0.877465
0.900036 0.900949
0.149207 0.067392
0.841084 0.405064
0.031792 0.965872
0.011160 0.507734
0.528298 0.905249
0.925564 0.158810
0.566744 0.696321
0.051083 0.681392
0.131727 0.808898
0.439759 0.713107
0.190974 0.593175
0.112706 0.011742
0.166342 0.409003
0.004664 0.639329
0.942062 0.550662
0.933327 0.137364
